0.0    0.812259
0.25    1.02074
0.5    0.742084
0.75    -0.599976
1.0    -1.75458
1.25    -1.67628
1.5    -0.993707
1.75    -2.34081
2.0    -6.81634
2.25    -8.11703
2.5    -8.77741
2.75    -8.01749
3.0    -5.79967
3.25    -11.0675
3.5    -8.12723
3.75    -7.4023
4.0    -7.36746
4.25    -12.0502
4.5    -8.06463
4.75    -7.64898
5.0    -7.93421
5.25    -5.38163
5.5    -2.74851
5.75    -0.186976
6.0    2.82951
6.25    8.0042
6.5    7.35092
6.75    16.4523
7.0    23.7762
7.25    22.5357
7.5    31.6361
7.75    48.7253
8.0    47.2674
